networkx vs list - distance:
[[  0.  36.  15.  33.  78.  55.  33.  58.  58.]
 [ 36.   0.  21.  69.  46.  61.  39.  64.  64.]
 [ 15.  21.   0.  48.  63.  40.  18.  43.  43.]
 [ 33.  69.  48.   0. 111.  23.  66.  52.  91.]
 [ 78.  46.  63. 111.   0.  94.  45.  65.  20.]
 [ 55.  61.  40.  23.  94.   0.  54.  29.  74.]
 [ 33.  39.  18.  66.  45.  54.   0.  25.  25.]
 [ 58.  64.  43.  52.  65.  29.  25.   0.  45.]
 [ 58.  64.  43.  91.  20.  74.  25.  45.   0.]]


[0,  36, 33,  15, 55, 33, 78,  58, 58]
[36, 0,  69,  21, 61, 39, 46,  64, 64]
[33, 69, 0,   48, 23, 66, 111, 52, 91]
[15, 21, 48,  0,  40, 18, 63,  43, 43]
[55, 61, 23,  40, 0,  54, 94,  29, 74]
[33, 39, 66,  18, 54, 0,  45,  25, 25]
[78, 46, 111, 63, 94, 45, 0,   65, 20]
[58, 64, 52,  43, 29, 25, 65,  0,  45]
[58, 64, 91,  43, 74, 25, 20,  45, 0]

networkx vs list - graph
[[ 0 39 33 15  0  0  0  0  0]
 [39  0  0 21  0  0 46  0  0]
 [33  0  0  0 23  0  0  0  0]
 [15 21  0  0 40 18 71  0  0]
 [ 0  0 23 40  0  0  0 29  0]
 [ 0  0  0 18  0  0  0 25 25]
 [ 0 46  0 71  0  0  0  0 20]
 [ 0  0  0  0 29 25  0  0 45]
 [ 0  0  0  0  0 25 20 45  0]]


[9999, 39, 33, 15, 9999, 9999, 9999, 9999, 9999]
[39, 9999, 9999, 21, 9999, 9999, 46, 9999, 9999]
[33, 9999, 9999, 9999, 23, 9999, 9999, 9999, 9999]
[15, 21, 9999, 9999, 40, 18, 71, 9999, 9999]
[9999, 9999, 23, 40, 9999, 9999, 9999, 29, 9999]
[9999, 9999, 9999, 18, 9999, 9999, 9999, 25, 25]
[9999, 46, 9999, 71, 9999, 9999, 9999, 9999, 20]
[9999, 9999, 9999, 9999, 29, 25, 9999, 9999, 45]
[9999, 9999, 9999, 9999, 9999, 25, 20, 45, 9999]